{"nbformat":4,"nbformat_minor":0,"metadata":{"colab":{"provenance":[],"authorship_tag":"ABX9TyPm7k6wFow8qQAlGZEGrwSl"},"kernelspec":{"name":"python3","display_name":"Python 3"},"language_info":{"name":"python"}},"cells":[{"cell_type":"code","execution_count":null,"metadata":{"colab":{"base_uri":"https://localhost:8080/"},"id":"zxX_Nwca22N5","executionInfo":{"status":"ok","timestamp":1762313503731,"user_tz":-480,"elapsed":60,"user":{"displayName":"TEH JIA JIE","userId":"00676600641424780225"}},"outputId":"e1d13eab-7b8a-4e75-dc6a-762f962d9026"},"outputs":[{"output_type":"stream","name":"stdout","text":["(2, 2)\n","[[1 2]\n"," [3 4]]\n"]}],"source":["import numpy as np\n","#1. Create a numpy array of size 2 x 2\n","a = np.array([[1,2],[3,4]])\n","print(a.shape)\n","print(a)"]},{"cell_type":"code","source":["#2. Create a random numpy array of size 3 x 4\n","b = np.random.random((3,4))\n","print(b.shape)\n","print(b)"],"metadata":{"colab":{"base_uri":"https://localhost:8080/"},"id":"-0gMBT_U4Gji","executionInfo":{"status":"ok","timestamp":1762313503746,"user_tz":-480,"elapsed":7,"user":{"displayName":"TEH JIA JIE","userId":"00676600641424780225"}},"outputId":"a54018f0-1fc2-41cd-a62b-260311b05357"},"execution_count":null,"outputs":[{"output_type":"stream","name":"stdout","text":["(3, 4)\n","[[0.51936599 0.80483391 0.27852416 0.99361968]\n"," [0.35787216 0.54392257 0.74070316 0.29992374]\n"," [0.493319   0.10326289 0.3800042  0.58843481]]\n"]}]},{"cell_type":"code","source":["#3. Create a numpy array of ones and a numpy array of zeroes\n","c = np.ones((2,2))\n","d = np.zeros((2,2))\n","print(c)\n","print(d)"],"metadata":{"colab":{"base_uri":"https://localhost:8080/"},"id":"ss86mK9N44rb","executionInfo":{"status":"ok","timestamp":1762313503768,"user_tz":-480,"elapsed":6,"user":{"displayName":"TEH JIA JIE","userId":"00676600641424780225"}},"outputId":"635f23a4-0723-4fd5-d817-d29885e41202"},"execution_count":null,"outputs":[{"output_type":"stream","name":"stdout","text":["[[1. 1.]\n"," [1. 1.]]\n","[[0. 0.]\n"," [0. 0.]]\n"]}]},{"cell_type":"code","source":["#4. Create a random numpy array of size 6x3 and transpose it\n","e = np.random.random((6,3))\n","print(e)\n","print(\"\\nAfter transpose: \")\n","print(e.T)"],"metadata":{"colab":{"base_uri":"https://localhost:8080/"},"id":"2rLTb5bf4_8j","executionInfo":{"status":"ok","timestamp":1762313503775,"user_tz":-480,"elapsed":5,"user":{"displayName":"TEH JIA JIE","userId":"00676600641424780225"}},"outputId":"5546c7de-f15e-472a-9258-1875e7f551aa"},"execution_count":null,"outputs":[{"output_type":"stream","name":"stdout","text":["[[0.14248503 0.43598506 0.58487984]\n"," [0.02593196 0.2325217  0.15143946]\n"," [0.79320288 0.98429512 0.9396319 ]\n"," [0.83704723 0.33352926 0.46142715]\n"," [0.50916577 0.8532679  0.51848324]\n"," [0.30842525 0.50965213 0.71429115]]\n","\n","After transpose: \n","[[0.14248503 0.02593196 0.79320288 0.83704723 0.50916577 0.30842525]\n"," [0.43598506 0.2325217  0.98429512 0.33352926 0.8532679  0.50965213]\n"," [0.58487984 0.15143946 0.9396319  0.46142715 0.51848324 0.71429115]]\n"]}]},{"cell_type":"code","source":["#5. Create two random numpy array of size n x p and p x m and then compute the dot product\n","f = np.random.random((2,3))\n","g = np.random.random((3,4))\n","print(f)\n","print(g)\n","print(\"\\nAfter dot product: \")\n","print(np.dot(f,g))"],"metadata":{"id":"r0QckWPK5T5L","colab":{"base_uri":"https://localhost:8080/"},"executionInfo":{"status":"ok","timestamp":1762313503815,"user_tz":-480,"elapsed":37,"user":{"displayName":"TEH JIA JIE","userId":"00676600641424780225"}},"outputId":"b4902420-0191-4a58-f129-1e1483735f17"},"execution_count":null,"outputs":[{"output_type":"stream","name":"stdout","text":["[[0.39968337 0.0100789  0.34079423]\n"," [0.20119962 0.88619457 0.09869208]]\n","[[0.1148875  0.9800369  0.76502342 0.96431523]\n"," [0.00208909 0.19770386 0.19439538 0.4580982 ]\n"," [0.91748362 0.17923136 0.94204355 0.99934946]]\n","\n","After dot product: \n","[[0.3586128  0.4547781  0.62876943 0.73061041]\n"," [0.11551503 0.39007585 0.41916679 0.69861187]]\n"]}]}]}